[[[ 0.07108536 -0.0422284  -0.02669998 ... -0.09565306  0.11958454
    0.21492055]
  [ 0.00887635  0.04656693 -0.25685    ...  0.0712375  -0.46207252
    0.16389132]
  [-0.09863544 -0.07527386  0.02361922 ...  0.40294638 -0.05612035
   -0.2451417 ]
  ...
  [ 0.27586785  0.09924579 -0.17778352 ...  0.12616253 -0.19767368
   -0.20789461]
  [ 0.13567792  0.14848253  0.26981008 ... -0.15169638 -0.01266067
    0.07424325]
  [ 0.02007358 -0.00596164  0.09277061 ...  0.03921098  0.09930689
    0.06628365]]]
